1,239.070000000000,-100.320000000000,-11.6400000000000,82.4365041029331,0.999999999999994
2,239.201624843397,-99.3287003981638,-11.5980000000000,82.4365041029316,1.00000000000001
3,239.333249686795,-98.3374007963276,-11.5560000000000,82.4365041029331,0.999999999999994
4,239.464874530192,-97.3461011944914,-11.5140000000000,82.4365041029331,0.999999999999994
5,239.596499373589,-96.3548015926552,-11.4720000000000,82.4365041029323,0.862303980624838
6,239.710000000000,-95.5000000000000,-11.4300000000000,82.4852224557793,1.00000000000000
7,239.840781898164,-94.5085888364999,-11.3820000000000,82.4852224557809,0.999999999999996
8,239.971563796328,-93.5171776729998,-11.3340000000000,82.4852224557793,1.00000000000000
9,240.102345694492,-92.5257665094997,-11.2860000000000,82.4852224557810,1.00000000000001
10,240.233127592655,-91.5343553459995,-11.2380000000000,82.4852224557799,0.740717245312146
11,240.330000000000,-90.8000000000000,-11.1900000000000,82.4375046316899,1.00000000000000
12,240.461607532787,-89.8086980998133,-11.1540000000000,82.4375046316881,0.999999999999993
13,240.593215065574,-88.8173961996267,-11.1180000000000,82.4375046316899,1.00000000000000
14,240.724822598361,-87.8260942994400,-11.0820000000000,82.4375046316899,1.00000000000000
15,240.856430131148,-86.8347923992533,-11.0460000000000,82.4375046316885,0.710976544199726
16,240.950000000000,-86.1300000000000,-11.0100000000000,81.8166652862649,0.999999999999993
17,241.092341037288,-85.1401823253226,-10.9700000000000,81.8166652862650,1.00000000000001
18,241.234682074575,-84.1503646506451,-10.9300000000000,81.8166652862649,0.999999999999993
19,241.377023111863,-83.1605469759677,-10.8900000000000,81.8166652862650,1.00000000000001
20,241.519364149151,-82.1707293012902,-10.8500000000000,81.8166652862639,0.566497563779043
21,241.600000000000,-81.6100000000000,-10.8100000000000,81.9972618236710,0.999999999999997
22,241.739220425903,-80.6197385834986,-10.7575000000000,81.9972618236694,1.00000000000000
23,241.878440851805,-79.6294771669971,-10.7050000000000,81.9972618236711,1.00000000000001
24,242.017661277708,-78.6392157504956,-10.6525000000000,81.9972618236707,1.45336951083109
25,242.220000000000,-77.2000000000000,-10.6000000000000,81.8327649358692,1.00000000000000
26,242.362062900929,-76.2101423677217,-10.5625000000000,81.8327649358692,1.00000000000000
27,242.504125801858,-75.2202847354433,-10.5250000000000,81.8327649358691,0.999999999999989
28,242.646188702787,-74.2304271031650,-10.4875000000000,81.8327649358689,1.36426397001833
29,242.840000000000,-72.8800000000000,-10.4500000000000,81.9079174010554,1.00000000000001
30,242.980764424454,-71.8899568813390,-10.3925000000000,81.9079174010553,0.999999999999992
31,243.121528848908,-70.8999137626779,-10.3350000000000,81.9079174010554,1.00000000000001
32,243.262293273363,-69.9098706440169,-10.2775000000000,81.9079174010554,1.26244061542210
33,243.440000000000,-68.6600000000000,-10.2200000000000,81.8308678293248,0.999999999999999
34,243.582095675785,-67.6701470720742,-10.1675000000000,81.8308678293248,0.999999999999999
35,243.724191351570,-66.6802941441485,-10.1150000000000,81.8308678293232,1.00000000000000
36,243.866287027355,-65.6904412162227,-10.0625000000000,81.8308678293248,1.15213198248803
37,244.030000000000,-64.5500000000000,-10.0100000000000,82.0885827652665,1.00000000000000
38,244.167641920481,-63.5595179447732,-9.98000000000000,82.0885827652681,0.999999999999999
39,244.305283840962,-62.5690358895464,-9.95000000000000,82.0885827652664,0.999999999999996
40,244.442925761443,-61.5785538343197,-9.92000000000000,82.0885827652677,0.705266522127655
41,244.540000000000,-60.8800000000000,-9.89000000000000,83.3007168446400,1.00000000000000
42,244.656658311235,-59.8868278908368,-9.83333333333333,83.3007168446400,1.00000000000000
43,244.773316622470,-58.8936557816735,-9.77666666666667,83.3007168446409,1.17165571902122
44,244.910000000000,-57.7300000000000,-9.72000000000000,82.8497098196927,1.00000000000000
45,245.034472427762,-56.7377769329798,-9.67333333333333,82.8497098196927,1.00000000000000
46,245.158944855525,-55.7455538659596,-9.62666666666667,82.8497098196923,0.811867706703147
47,245.260000000000,-54.9400000000000,-9.58000000000000,82.5251664046483,0.999999999999999
48,245.390090700751,-53.9484979023834,-9.55000000000000,82.5251664046483,0.999999999999999
49,245.520181401502,-52.9569958047668,-9.52000000000000,82.5251664046479,0.844169474556673
50,245.630000000000,-52.1200000000000,-9.49000000000000,83.4596141718037,1.00000000000000
51,245.743903520283,-51.1265081841972,-9.45666666666667,83.4596141718021,1.00000000000000
52,245.857807040566,-50.1330163683944,-9.42333333333333,83.4596141718037,1.16056956892266
53,245.990000000000,-48.9800000000000,-9.39000000000000,83.0996718307225,1.00000000000000
54,246.110142524984,-47.9872433461867,-9.34000000000000,83.0996718307223,0.999999999999996
55,246.230285049968,-46.9944866923735,-9.29000000000000,83.0996718307234,1.16291005246751
56,246.370000000000,-45.8400000000000,-9.24000000000000,83.2464259644686,0.999999999999998
57,246.487599343536,-44.8469388768057,-9.18333333333333,83.2464259644686,1.00000000000000
58,246.605198687072,-43.8538777536115,-9.12666666666667,83.2464259644690,1.06124157818359
59,246.730000000000,-42.8000000000000,-9.07000000000000,83.4801982483425,1.00000000000000
60,246.843546591161,-41.8064673273436,-9,83.4801982483434,1.46594809353319
61,247.010000000000,-40.3500000000000,-8.93000000000000,83.6963722437108,0.999999999999997
62,247.119797244793,-39.3560459945068,-8.88000000000000,83.6963722437102,0.730462365958881
63,247.200000000000,-38.6300000000000,-8.83000000000000,84.1226073933574,1.36718689285701
64,247.340000000000,-37.2700000000000,-8.73000000000000,89.5264919412655,1.21004132160848
65,247.350000000000,-36.0600000000000,-8.65000000000000,94.8566039339434,1.00000000000000
66,247.265337737438,-35.0635902944582,-8.61500000000000,94.8566039339424,0.535512943612000
67,247.220000000000,-34.5300000000000,-8.58000000000000,102.615444406499,1.00000000000000
68,247.001593702563,-33.5541420752796,-8.52500000000000,102.615444406498,1.15195260170850
69,246.750000000000,-32.4300000000000,-8.47000000000000,116.565051177078,1.00000000000000
70,246.302786404500,-31.5355728090001,-8.42000000000000,116.565051177078,0.999999999999998
71,245.855572809000,-30.6411456180002,-8.37000000000000,116.565051177078,0.504396134799765
72,245.630000000000,-30.1900000000000,-8.32000000000000,130.223577631477,1.00000000000000
73,244.984228059294,-29.4264696465776,-8.27666666666667,130.223577631477,0.999999999999999
74,244.338456118589,-28.6629392931551,-8.23333333333333,130.223577631477,0.632508309578520
75,243.930000000000,-28.1800000000000,-8.19000000000000,143.884996125723,0.999999999999996
76,243.122164434890,-27.5905920769586,-8.16333333333333,143.884996125723,0.999999999999994
77,242.314328869781,-27.0011841539172,-8.13666666666667,143.884996125724,0.884250335875878
78,241.600000000000,-26.4800000000000,-8.11000000000000,157.483770715835,1.00000000000001
79,240.676228901333,-26.0970548900071,-8.08000000000000,157.483770715835,0.999999999999979
80,239.752457802666,-25.7141097800142,-8.05000000000000,157.483770715835,0.976927946726303
81,238.850000000000,-25.3400000000000,-8.02000000000000,167.695321152837,0.999999999999994
82,237.872971825158,-25.1268898276352,-7.99333333333333,167.695321152837,0.999999999999995
83,236.895943650316,-24.9137796552704,-7.96666666666667,167.695321152837,1.05006557306560
84,235.870000000000,-24.6900000000000,-7.94000000000000,171.505624210191,1.00000000000001
85,234.880969632285,-24.5422876723543,-7.93333333333333,171.505624210191,0.999999999999982
86,233.891939264571,-24.3945753447087,-7.92666666666667,171.505624210191,1.11416120327772
87,232.790000000000,-24.2300000000000,-7.92000000000000,173.379223917685,1.00000000000001
88,231.796668977186,-24.1147026491377,-7.88333333333333,173.379223917685,0.999999999999980
89,230.803337954373,-23.9994052982754,-7.84666666666667,173.379223917685,1.38255820349037
90,229.430000000000,-23.8400000000000,-7.81000000000000,170.797403027978,0.999999999999992
91,228.442870982670,-23.6800740698180,-7.78250000000000,170.797403027979,1.00000000000002
92,227.455741965339,-23.5201481396360,-7.75500000000000,170.797403027978,0.999999999999992
93,226.468612948009,-23.3602222094540,-7.72750000000000,170.797403027978,0.626678921547930
94,225.850000000000,-23.2600000000000,-7.70000000000000,172.434678931568,0.999999999999995
95,224.858704591609,-23.1283435785731,-7.66500000000000,172.434678931568,0.999999999999995
96,223.867409183218,-22.9966871571461,-7.63000000000000,172.434678931568,1.00000000000002
97,222.876113774827,-22.8650307357192,-7.59500000000000,172.434678931568,0.873719143149117
98,222.010000000000,-22.7500000000000,-7.56000000000000,173.008074653332,0.999999999999988
99,221.017436683256,-22.6282705366257,-7.51250000000000,173.008074653332,1.00000000000002
100,220.024873366511,-22.5065410732514,-7.46500000000000,173.008074653332,0.999999999999988
101,219.032310049767,-22.3848116098771,-7.41750000000000,173.008074653332,1.27176778395080
102,217.770000000000,-22.2300000000000,-7.37000000000000,173.871719556015,1.00000000000000
103,216.775714627538,-22.1232451494831,-7.33800000000000,173.871719556015,1.00000000000000
104,215.781429255077,-22.0164902989661,-7.30600000000000,173.871719556015,1.00000000000000
105,214.787143882615,-21.9097354484492,-7.27400000000000,173.871719556015,1.00000000000000
106,213.792858510154,-21.8029805979323,-7.24200000000000,173.871719556015,0.777300492956241
107,213.020000000000,-21.7200000000000,-7.21000000000000,171.245227010201,0.999999999999993
108,212.031651165507,-21.5677942794881,-7.19600000000000,171.245227010201,0.999999999999993
109,211.043302331014,-21.4155885589762,-7.18200000000000,171.245227010201,1.00000000000002
110,210.054953496521,-21.2633828384643,-7.16800000000000,171.245227010201,0.999999999999993
111,209.066604662028,-21.1111771179524,-7.15400000000000,171.245227010201,1.05894257725861
112,208.020000000000,-20.9500000000000,-7.14000000000000,170.610852438669,0.999999999999995
113,207.033396920392,-20.7868609080962,-7.12600000000000,170.610852438669,0.999999999999995
114,206.046793840783,-20.6237218161925,-7.11200000000000,170.610852438669,1.00000000000002
115,205.060190761175,-20.4605827242887,-7.09800000000000,170.610852438669,0.999999999999995
116,204.073587681566,-20.2974436323850,-7.08400000000000,170.610852438669,1.14898048160993
117,202.940000000000,-20.1100000000000,-7.07000000000000,172.449255828166,0.999999999999999
118,201.948671128344,-19.9785957830943,-7.04200000000000,172.449255828166,0.999999999999999
119,200.957342256687,-19.8471915661886,-7.01400000000000,172.449255828166,0.999999999999999
120,199.966013385031,-19.7157873492829,-6.98600000000000,172.449255828166,0.999999999999999
121,198.974684513375,-19.5843831323772,-6.95800000000000,172.449255828166,1.17487197909281
122,197.810000000000,-19.4300000000000,-6.93000000000000,171.684874243208,1.00000000000000
123,196.820512354620,-19.2853825749060,-6.89800000000000,171.684874243208,1.00000000000000
124,195.831024709240,-19.1407651498121,-6.86600000000000,171.684874243208,1.00000000000000
125,194.841537063861,-18.9961477247181,-6.83400000000000,171.684874243208,1.00000000000000
126,193.852049418481,-18.8515302996241,-6.80200000000000,171.684874243208,1.25524499904617
127,192.610000000000,-18.6700000000000,-6.77000000000000,171.188738172204,0.999999999999989
128,191.621801707923,-18.5168199244796,-6.73400000000000,171.188738172204,1.00000000000002
129,190.633603415846,-18.3636398489592,-6.69800000000000,171.188738172204,0.999999999999989
130,189.645405123770,-18.2104597734388,-6.66200000000000,171.188738172204,1.00000000000002
131,188.657206831693,-18.0572796979183,-6.62600000000000,171.188738172204,1.35317662701317
132,187.320000000000,-17.8500000000000,-6.59000000000000,171.612288101196,0.999999999999998
133,186.330696359679,-17.7041291418809,-6.56200000000000,171.612288101196,0.999999999999998
134,185.341392719359,-17.5582582837618,-6.53400000000000,171.612288101197,0.999999999999997
135,184.352089079038,-17.4123874256427,-6.50600000000000,171.612288101196,0.999999999999998
136,183.362785438718,-17.2665165675236,-6.47800000000000,171.612288101196,1.34719552662889
137,182.030000000000,-17.0700000000000,-6.45000000000000,171.374816821830,1.00000000000001
138,181.041309439634,-16.9200300835400,-6.41200000000000,171.374816821830,0.999999999999982
139,180.052618879268,-16.7700601670800,-6.37400000000000,171.374816821830,1.00000000000001
140,179.063928318902,-16.6200902506199,-6.33600000000000,171.374816821830,1.00000000000001
141,178.075237758536,-16.4701203341599,-6.29800000000000,171.374816821829,1.40108322468742
142,176.690000000000,-16.2600000000000,-6.26000000000000,171.974098740781,1.00000000000000
143,175.699794947348,-16.1203792504609,-6.21400000000000,171.974098740781,1.00000000000000
144,174.709589894695,-15.9807585009218,-6.16800000000000,171.974098740781,1.00000000000000
145,173.719384842043,-15.8411377513827,-6.12200000000000,171.974098740781,1.00000000000000
146,172.729179789391,-15.7015170018436,-6.07600000000000,171.974098740781,1.44331700344558
147,171.300000000000,-15.5000000000000,-6.03000000000000,172.201257555398,0.999999999999995
148,170.309249181016,-15.3643061730097,-5.99600000000000,172.201257555398,0.999999999999995
149,169.318498362033,-15.2286123460195,-5.96200000000000,172.201257555398,1.00000000000002
150,168.327747543049,-15.0929185190292,-5.92800000000000,172.201257555398,0.999999999999995
151,167.336996724065,-14.9572246920390,-5.89400000000000,172.201257555398,1.37975835888565
152,165.970000000000,-14.7700000000000,-5.86000000000000,172.019886254832,1.00000000000000
153,164.979683686619,-14.6311706102737,-5.82400000000000,172.019886254831,1.00000000000000
154,163.989367373238,-14.4923412205474,-5.78800000000000,172.019886254832,1.00000000000000
155,162.999051059857,-14.3535118308211,-5.75200000000000,172.019886254832,1.00000000000000
156,162.008734746477,-14.2146824410949,-5.71600000000000,172.019886254831,1.40231431888223
157,160.620000000000,-14.0200000000000,-5.68000000000000,171.990330005555,1.00000000000000
158,159.629755434057,-13.8806597702707,-5.64200000000000,171.990330005555,1.00000000000000
159,158.639510868115,-13.7413195405415,-5.60400000000000,171.990330005555,1.00000000000000
160,157.649266302172,-13.6019793108122,-5.56600000000000,171.990330005555,1.00000000000000
161,156.659021736229,-13.4626390810829,-5.52800000000000,171.990330005555,1.38250870877141
162,155.290000000000,-13.2700000000000,-5.49000000000000,171.490460944425,0.999999999999992
163,154.301008758827,-13.1220259317185,-5.46400000000000,171.490460944425,1.00000000000002
164,153.312017517655,-12.9740518634370,-5.43800000000000,171.490460944425,0.999999999999992
165,152.323026276482,-12.8260777951555,-5.41200000000000,171.490460944425,0.999999999999992
166,151.334035035309,-12.6781037268739,-5.38600000000000,171.490460944425,1.33877326733399
167,150.010000000000,-12.4800000000000,-5.36000000000000,171.440352559898,0.999999999999999
168,149.021138548678,-12.3311610599041,-5.33600000000000,171.440352559897,0.999999999999999
169,148.032277097356,-12.1823221198082,-5.31200000000000,171.440352559898,0.999999999999999
170,147.043415646033,-12.0334831797122,-5.28800000000000,171.440352559898,0.999999999999999
171,146.054554194711,-11.8846442396163,-5.26400000000000,171.440352559898,0.904630465182875
172,145.160000000000,-11.7500000000000,-5.24000000000000,170.305027326559,1.00000000000001
173,144.174281750874,-11.5815971100583,-5.20500000000000,170.305027326559,0.999999999999980
174,143.188563501749,-11.4131942201165,-5.17000000000000,170.305027326559,1.00000000000001
175,142.202845252623,-11.2447913301748,-5.13500000000000,170.305027326559,1.45360528111775
176,140.770000000000,-11,-5.10000000000000,171.429022128895,0.999999999999987
177,139.781168001409,-10.8509655121740,-5.06500000000000,171.429022128895,1.00000000000002
178,138.792336002817,-10.7019310243480,-5.03000000000000,171.429022128895,0.999999999999987
179,137.803504004226,-10.5528965365220,-4.99500000000000,171.429022128895,1.22720948144283
180,136.590000000000,-10.3700000000000,-4.96000000000000,171.621327493784,1.00000000000001
181,135.600673358360,-10.2242852233244,-4.92250000000000,171.621327493784,1.00000000000001
182,134.611346716720,-10.0785704466487,-4.88500000000000,171.621327493784,0.999999999999978
183,133.622020075080,-9.93285566997309,-4.84750000000000,171.621327493785,0.911751525851317
184,132.720000000000,-9.80000000000000,-4.81000000000000,174.149123667271,1.00000000000001
185,131.725209417278,-9.69806032897903,-4.78666666666667,174.149123667271,0.999999999999983
186,130.730418834556,-9.59612065795806,-4.76333333333333,174.149123667271,0.844819853698991
187,129.890000000000,-9.51000000000000,-4.74000000000000,177.825255885390,1.00000000000001
188,128.890720259387,-9.47205266807798,-4.67500000000000,177.825255885390,1.37170824512629
189,127.520000000000,-9.42000000000000,-4.61000000000000,185.888608746046,1.00000000000000
190,126.525276765855,-9.52259477302838,-4.56000000000000,185.888608746046,1.24182960993915
191,125.290000000000,-9.65000000000000,-4.51000000000000,195.117167654587,0.999999999999998
192,124.324605467972,-9.91079378353372,-4.48500000000000,195.117167654587,1.18563491919396
193,123.180000000000,-10.2200000000000,-4.46000000000000,206.798433916930,1.00000000000000
194,122.287401857908,-10.6708531431998,-4.45500000000000,206.798433916930,1.19583697026897
195,121.220000000000,-11.2100000000000,-4.45000000000000,218.246425964469,1.00000000000000
196,120.434644452379,-11.8290449610659,-4.47500000000000,218.246425964469,1.16462467878383
197,119.520000000000,-12.5500000000000,-4.50000000000000,229.370797037908,1.00000000000000
198,118.868838875928,-13.3089395170218,-4.54000000000000,229.370797037908,1.22679141367124
199,118.070000000000,-14.2400000000000,-4.58000000000000,237.841896284172,1.00000000000000
200,117.537742626561,-15.0865825939740,-4.63000000000000,237.841896284172,1.38606370409510
201,116.800000000000,-16.2600000000000,-4.68000000000000,246.860538236789,0.999999999999997
202,116.407029460762,-17.1795510618180,-4.72333333333333,246.860538236788,1.00000000000001
203,116.014058921523,-18.0991021236360,-4.76666666666667,246.860538236789,0.544720023892605
204,115.800000000000,-18.6000000000000,-4.81000000000000,255.543244599946,0.999999999999998
205,115.550350786937,-19.5683363415762,-4.85000000000000,255.543244599945,1.00000000000000
206,115.300701573875,-20.5366726831524,-4.89000000000000,255.543244599945,0.643709515056446
207,115.140000000000,-21.1600000000000,-4.93000000000000,263.277523488166,0.999999999999998
208,115.022939661832,-22.1531248044571,-4.95666666666667,263.277523488165,1.00000000000000
209,114.905879323664,-23.1462496089143,-4.98333333333333,263.277523488166,0.648206940554304
210,114.830000000000,-23.7900000000000,-5.01000000000000,266.621877260706,1.00000000000000
211,114.771074788882,-24.7882624001207,-5.06000000000000,266.621877260706,1.00000000000000
212,114.712149577764,-25.7865248002413,-5.11000000000000,266.621877260706,0.885012998237618
213,114.660000000000,-26.6700000000000,-5.16000000000000,264.936383146970,0.999999999999999
214,114.571738212774,-27.6660973129749,-5.21000000000000,264.936383146970,0.999999999999999
215,114.483476425549,-28.6621946259497,-5.26000000000000,264.936383146970,1.17238080942374
216,114.380000000000,-29.8300000000000,-5.31000000000000,264.033123284555,1
217,114.276046497593,-30.8245821581636,-5.35750000000000,264.033123284555,1
218,114.172092995186,-31.8191643163272,-5.40500000000000,264.033123284555,1
219,114.068139492779,-32.8137464744908,-5.45250000000000,264.033123284555,0.559283635789646
220,114.010000000000,-33.3700000000000,-5.50000000000000,262.395532252302,0.999999999999998
221,113.877666318223,-34.3612052242938,-5.54250000000000,262.395532252302,0.999999999999998
222,113.745332636445,-35.3524104485875,-5.58500000000000,262.395532252302,1.00000000000001
223,113.612998954668,-36.3436156728813,-5.62750000000000,262.395532252301,0.853894134508626
224,113.500000000000,-37.1900000000000,-5.67000000000000,261.869897645844,0.999999999999999
225,113.358578643763,-38.1799494936612,-5.71250000000000,261.869897645844,0.999999999999997
226,113.217157287525,-39.1698989873223,-5.75500000000000,261.869897645844,1.00000000000001
227,113.075735931288,-40.1598484809835,-5.79750000000000,261.869897645844,1.17193000900063
228,112.910000000000,-41.3200000000000,-5.84000000000000,262.664338351943,1.00000000000000
229,112.782318047881,-42.3118151637796,-5.88750000000000,262.664338351943,0.999999999999996
230,112.654636095763,-43.3036303275592,-5.93500000000000,262.664338351943,1.00000000000000
231,112.526954143644,-44.2954454913388,-5.98250000000000,262.664338351943,1.38589785562774
232,112.350000000000,-45.6700000000000,-6.03000000000000,262.150929258511,0.999999999999998
233,112.213435955413,-46.6606312440691,-6.07800000000000,262.150929258511,1.00000000000000
234,112.076871910826,-47.6512624881383,-6.12600000000000,262.150929258512,0.999999999999996
235,111.940307866238,-48.6418937322074,-6.17400000000000,262.150929258511,0.999999999999998
236,111.803743821651,-49.6325249762766,-6.22200000000000,262.150929258511,0.613220133485941
237,111.720000000000,-50.2400000000000,-6.27000000000000,262.146686698021,0.999999999999998
238,111.583362602863,-51.2306211292435,-6.30600000000000,262.146686698022,1.00000000000000
239,111.446725205726,-52.2212422584870,-6.34200000000000,262.146686698021,0.999999999999998
240,111.310087808589,-53.2118633877304,-6.37800000000000,262.146686698022,1.00000000000000
241,111.173450411452,-54.2024845169739,-6.41400000000000,262.146686698022,0.683929973857420
242,111.080000000000,-54.8800000000000,-6.45000000000000,261.216884643883,1.00000000000000
243,110.927305393974,-55.8682734223334,-6.49000000000000,261.216884643882,0.999999999999997
244,110.774610787948,-56.8565468446669,-6.53000000000000,261.216884643883,1.00000000000000
245,110.621916181923,-57.8448202670003,-6.57000000000000,261.216884643883,1.00000000000000
246,110.469221575897,-58.8330936893337,-6.61000000000000,261.216884643882,0.715294264412345
247,110.360000000000,-59.5400000000000,-6.65000000000000,261.089719148868,0.999999999999998
248,110.205112341908,-60.5279320894529,-6.69000000000000,261.089719148869,1.00000000000000
249,110.050224683816,-61.5158641789057,-6.73000000000000,261.089719148868,0.999999999999998
250,109.895337025723,-62.5037962683586,-6.77000000000000,261.089719148869,1.00000000000000
251,109.740449367631,-63.4917283578115,-6.81000000000000,261.089719148868,0.777656329205780
252,109.620000000000,-64.2600000000000,-6.85000000000000,261.137510373674,0.999999999999997
253,109.465936443904,-65.2480609397619,-6.89400000000000,261.137510373674,0.999999999999997
254,109.311872887808,-66.2361218795237,-6.93800000000000,261.137510373673,1.00000000000001
255,109.157809331712,-67.2241828192856,-6.98200000000000,261.137510373674,0.999999999999997
256,109.003745775616,-68.2122437590474,-7.02600000000000,261.137510373674,0.868120787326459
257,108.870000000000,-69.0700000000000,-7.07000000000000,260.384173056743,0.999999999999995
258,108.702958895726,-70.0559499325437,-7.11400000000000,260.384173056744,1.00000000000001
259,108.535917791452,-71.0418998650874,-7.15800000000000,260.384173056743,0.999999999999995
260,108.368876687178,-72.0278497976311,-7.20200000000000,260.384173056743,0.999999999999995
261,108.201835582904,-73.0137997301748,-7.24600000000000,260.384173056743,0.908971379016174
262,108.050000000000,-73.9100000000000,-7.29000000000000,261.620425581534,1.00000000000000
263,107.904269650017,-74.8993243477717,-7.31800000000000,261.620425581535,0.999999999999998
264,107.758539300034,-75.8886486955433,-7.34600000000000,261.620425581534,1.00000000000000
265,107.612808950051,-76.8779730433150,-7.37400000000000,261.620425581535,0.999999999999998
266,107.467078600068,-77.8672973910867,-7.40200000000000,261.620425581534,0.872011904747369
267,107.340000000000,-78.7300000000000,-7.43000000000000,263.659808254090,0.999999999999998
268,107.229568473925,-79.7238837346736,-7.48000000000000,263.659808254090,0.999999999999998
269,107.119136947850,-80.7177674693472,-7.53000000000000,263.659808254090,0.999999999999998
270,107.008705421775,-81.7116512040209,-7.58000000000000,263.659808254091,1.00000000000001
271,106.898273895701,-82.7055349386945,-7.63000000000000,263.659808254090,0.980461825975578
272,106.790000000000,-83.6800000000000,-7.68000000000000,262.818576305785,0.999999999999993
273,106.664988434163,-84.6721552844222,-7.74200000000000,262.818576305785,1.00000000000001
274,106.539976868326,-85.6643105688444,-7.80400000000000,262.818576305784,0.999999999999995
275,106.414965302488,-86.6564658532667,-7.86600000000000,262.818576305785,1.00000000000001
276,106.289953736651,-87.6486211376889,-7.92800000000000,262.818576305785,1.03953370858852
277,106.160000000000,-88.6800000000000,-7.99000000000000,261.758520264170,0.999999999999996
278,106.016654547350,-89.6696727141862,-8.04600000000000,261.758520264170,1.00000000000001
279,105.873309094700,-90.6593454283723,-8.10200000000000,261.758520264170,0.999999999999996
280,105.729963642050,-91.6490181425585,-8.15800000000000,261.758520264170,0.999999999999994
281,105.586618189400,-92.6386908567446,-8.21400000000000,261.758520264170,1.09259265993265
282,105.430000000000,-93.7200000000000,-8.27000000000000,262.339524665534,0.999999999999994
283,105.296697461848,-94.7110753923502,-8.32400000000000,262.339524665533,1.00000000000001
284,105.163394923695,-95.7021507847004,-8.37800000000000,262.339524665534,0.999999999999994
285,105.030092385543,-96.6932261770507,-8.43200000000000,262.339524665534,1.00000000000001
286,104.896789847391,-97.6843015694009,-8.48600000000000,262.339524665534,1.17619551408175
287,104.740000000000,-98.8500000000000,-8.54000000000000,263.205771101259,1.00000000000000
288,104.621696048465,-99.8429774292759,-8.58600000000000,263.205771101258,0.999999999999991
289,104.503392096930,-100.835954858552,-8.63200000000000,263.205771101259,1.00000000000000
290,104.385088145396,-101.828932287828,-8.67800000000000,263.205771101259,1.00000000000000
291,104.266784193861,-102.821909717103,-8.72400000000000,263.205771101259,1.15620984832851
292,104.130000000000,-103.970000000000,-8.77000000000000,262.457281844613,1.00000000000000
293,103.998734650141,-104.961347269087,-8.81400000000000,262.457281844613,0.999999999999990
294,103.867469300281,-105.952694538174,-8.85800000000000,262.457281844613,1.00000000000000
295,103.736203950422,-106.944041807261,-8.90200000000000,262.457281844613,1.00000000000000
296,103.604938600563,-107.935389076348,-8.94600000000000,262.457281844613,1.10416496598611
297,103.460000000000,-109.030000000000,-8.99000000000000,261.949808025708,1.00000000000001
298,103.319959462662,-110.020145771037,-9.03000000000000,261.949808025708,0.999999999999993
299,103.179918925324,-111.010291542074,-9.07000000000000,261.949808025708,1.00000000000001
300,103.039878387986,-112.000437313111,-9.11000000000000,261.949808025708,0.999999999999993
301,102.899837850648,-112.990583084147,-9.15000000000000,261.949808025709,1.06996055211478
302,102.750000000000,-114.050000000000,-9.19000000000000,261.677091487990,0.999999999999995
303,102.605248169480,-115.039467992186,-9.22600000000000,261.677091487991,1.00000000000001
304,102.460496338960,-116.028935984372,-9.26200000000000,261.677091487990,0.999999999999995
305,102.315744508439,-117.018403976559,-9.29800000000000,261.677091487990,1.00000000000001
306,102.170992677919,-118.007871968745,-9.33400000000000,261.677091487991,1.04311411728904
307,102.020000000000,-119.040000000000,-9.37000000000000,261.514429237325,1.00000000000000
308,101.872439665035,-120.029053055981,-9.41800000000000,261.514429237324,1.00000000000000
309,101.724879330070,-121.018106111962,-9.46600000000000,261.514429237325,1.00000000000000
310,101.577318995105,-122.007159167943,-9.51400000000000,261.514429237325,1.00000000000000
311,101.429758660140,-122.996212223923,-9.56200000000000,261.514429237324,1.01489780553900
312,101.280000000000,-124,-9.61000000000000,261.440352559897,0.999999999999999
313,101.131161059904,-124.988861451322,-9.64800000000000,261.440352559897,0.999999999999999
314,100.982322119808,-125.977722902644,-9.68600000000000,261.440352559897,0.999999999999999
315,100.833483179712,-126.966584353967,-9.72400000000000,261.440352559898,0.999999999999997
316,100.684644239616,-127.955445805289,-9.76200000000000,261.440352559897,0.904630465182876
317,100.550000000000,-128.850000000000,-9.80000000000000,261.244754703356,1.00000000000001
318,100.397786132228,-129.838347579780,-9.84200000000000,261.244754703356,0.999999999999980
319,100.245572264456,-130.826695159561,-9.88400000000000,261.244754703356,1.00000000000001
320,100.093358396684,-131.815042739341,-9.92600000000000,261.244754703356,1.00000000000001
321,99.9411445289116,-132.803390319122,-9.96800000000000,261.244754703356,0.795883651632931
322,99.8200000000000,-133.590000000000,-10.0100000000000,260.895399134598,0.999999999999988
323,99.6617626436803,-134.577401103435,-10.0540000000000,260.895399134597,1.00000000000002
324,99.5035252873605,-135.564802206870,-10.0980000000000,260.895399134598,0.999999999999988
325,99.3452879310408,-136.552203310305,-10.1420000000000,260.895399134598,1.00000000000002
326,99.1870505747211,-137.539604413741,-10.1860000000000,260.895399134598,0.739715181316277
327,99.0700000000000,-138.270000000000,-10.2300000000000,261.559634724493,1.00000000000001
328,98.9232200585030,-139.259169170958,-10.2700000000000,261.559634724494,0.999999999999978
329,98.7764401170060,-140.248338341916,-10.3100000000000,261.559634724493,1.00000000000001
330,98.6296601755089,-141.237507512875,-10.3500000000000,261.559634724493,1.00000000000001
331,98.4828802340119,-142.226676683833,-10.3900000000000,261.559634724494,0.700914804588575
332,98.3800000000000,-142.920000000000,-10.4300000000000,261.746529501648,0.999999999999999
333,98.2364474334815,-143.909642693423,-10.4760000000000,261.746529501649,0.999999999999997
334,98.0928948669629,-144.899285386846,-10.5220000000000,261.746529501648,0.999999999999999
335,97.9493423004444,-145.888928080270,-10.5680000000000,261.746529501649,0.999999999999997
336,97.8057897339259,-146.878570773693,-10.6140000000000,261.746529501648,0.597618948977820
337,97.7200000000000,-147.470000000000,-10.6600000000000,262.247491836116,1.00000000000001
338,97.5851056939895,-148.460859993241,-10.7075000000000,262.247491836115,0.999999999999985
339,97.4502113879789,-149.451719986482,-10.7550000000000,262.247491836116,1.00000000000001
340,97.3153170819683,-150.442579979724,-10.8025000000000,262.247491836116,1.07726624100020
341,97.1700000000000,-151.510000000000,-10.8500000000000,262.624550992654,1.00000000000000
342,97.0416293420191,-152.501726259695,-10.8975000000000,262.624550992653,1.00000000000001
343,96.9132586840382,-153.493452519391,-10.9450000000000,262.624550992654,0.999999999999976
344,96.7848880260574,-154.485178779086,-10.9925000000000,262.624550992654,0.972870498770420
345,96.6600000000000,-155.450000000000,-11.0400000000000,263.018942593171,0.999999999999993
346,96.5384588095475,-156.442586388695,-11.0900000000000,263.018942593170,0.999999999999994
347,96.4169176190950,-157.435172777391,-11.1400000000000,263.018942593171,1.45561861321529
348,96.2400000000000,-158.880000000000,-11.1900000000000,264.035512898747,1
349,96.1360879783590,-159.874586492849,-11.2333333333333,264.035512898746,1.00000000000000
350,96.0321759567180,-160.869172985699,-11.2766666666667,264.035512898747,1.36823395861985
351,95.8900000000000,-162.230000000000,-11.3200000000000,267.426640536823,1.00000000000000
352,95.8451015031905,-163.228991554010,-11.3600000000000,267.426640536824,1.00000000000000
353,95.8002030063811,-164.227983108021,-11.4000000000000,267.426640536823,0.672695268825093
354,95.7700000000000,-164.900000000000,-11.4400000000000,270.335059218609,1.00000000000001
355,95.7758478532232,-165.899982901160,-11.4800000000000,270.335059218610,0.710029239516094
356,95.7800000000000,-166.610000000000,-11.5200000000000,277.556344056439,0.988584847142611
357,95.9100000000000,-167.590000000000,-11.5600000000000,280.619655276155,0.976729235765992
358,96.0900000000000,-168.550000000000,-11.5900000000000,287.274419575274,1.00000000000001
359,96.3869485794314,-169.504893471113,-11.6300000000000,287.274419575273,0.717469068134836
360,96.6000000000000,-170.190000000000,-11.6700000000000,297.946685231299,0.999999999999989
361,97.0686497608029,-171.073384062398,-11.7400000000000,297.946685231299,1.41118228261573
362,97.7300000000000,-172.320000000000,-11.8100000000000,313.979572390459,0.999999999999989
363,98.4244018607825,-173.039587420500,-11.8633333333333,313.979572390458,1.00000000000002
364,99.1188037215650,-173.759174841000,-11.9166666666667,313.979572390459,0.779370432310153
365,99.6600000000000,-174.320000000000,-11.9700000000000,331.741970385293,0.999999999999996
366,100.540824397016,-174.793443113396,-12.0333333333333,331.741970385293,1.00000000000001
367,101.421648794031,-175.266886226792,-12.0966666666667,331.741970385292,0.724720169118300
368,102.060000000000,-175.610000000000,-12.1600000000000,341.980230718222,1.00000000000000
369,103.010949836752,-175.919345127618,-12.2133333333333,341.980230718224,0.999999999999995
370,103.961899673504,-176.228690255236,-12.2666666666667,341.980230718222,0.618434646883513
371,104.550000000000,-176.420000000000,-12.3200000000000,345.655441411971,1.00000000000001
372,105.518823348724,-176.667752535742,-12.3766666666667,345.655441411971,0.999999999999993
373,106.487646697448,-176.915505071485,-12.4333333333333,345.655441411972,0.704311372604864
374,107.170000000000,-177.090000000000,-12.4900000000000,350.968928203560,0.999999999999999
375,108.157603360146,-177.246970070487,-12.5300000000000,350.968928203560,0.999999999999999
376,109.145206720292,-177.403940140974,-12.5700000000000,350.968928203559,1.05790778147412
377,110.190000000000,-177.570000000000,-12.6100000000000,353.957764654024,1.00000000000000
378,111.184444572449,-177.675261542488,-12.6375000000000,353.957764654023,1.00000000000000
379,112.178889144898,-177.780523084975,-12.6650000000000,353.957764654024,0.999999999999988
380,113.173333717347,-177.885784627463,-12.6925000000000,353.957764654023,0.610055401236952
381,113.780000000000,-177.950000000000,-12.7200000000000,352.624550992653,1.00000000000001
382,114.771726259695,-178.078370657981,-12.7475000000000,352.624550992655,0.999999999999988
383,115.763452519391,-178.206741315962,-12.7750000000000,352.624550992653,1.00000000000001
384,116.755178779086,-178.335111973943,-12.8025000000000,352.624550992654,0.972870498770376
385,117.720000000000,-178.460000000000,-12.8300000000000,352.246838125442,0.999999999999995
386,118.710858454113,-178.594905611123,-12.8650000000000,352.246838125442,1.00000000000001
387,119.701716908226,-178.729811222247,-12.9000000000000,352.246838125440,0.999999999999999
388,120.692575362339,-178.864716833370,-12.9350000000000,352.246838125442,1.29930226897342
389,121.980000000000,-179.040000000000,-12.9700000000000,351.546580670551,0.999999999999995
390,122.969135703498,-179.187005306252,-12.9980000000000,351.546580670552,1.00000000000001
391,123.958271406995,-179.334010612505,-13.0260000000000,351.546580670551,0.999999999999995
392,124.947407110493,-179.481015918757,-13.0540000000000,351.546580670552,1.00000000000001
393,125.936542813990,-179.628021225009,-13.0820000000000,351.546580670551,0.761732877850243
394,126.690000000000,-179.740000000000,-13.1100000000000,351.555906035590,0.999999999999996
395,127.679159616733,-179.886844314237,-13.1440000000000,351.555906035589,1.00000000000000
396,128.668319233467,-180.033688628473,-13.1780000000000,351.555906035590,1.00000000000001
397,129.657478850200,-180.180532942710,-13.2120000000000,351.555906035590,0.999999999999982
398,130.646638466934,-180.327377256947,-13.2460000000000,351.555906035590,0.903152047407876
399,131.540000000000,-180.460000000000,-13.2800000000000,351.821190562497,1.00000000000001
400,132.529828913823,-180.602262860084,-13.3200000000000,351.821190562495,0.999999999999984
401,133.519657827647,-180.744525720168,-13.3600000000000,351.821190562497,1.00000000000001
402,134.509486741470,-180.886788580252,-13.4000000000000,351.821190562497,1.00000000000001
403,135.499315655293,-181.029051440336,-13.4400000000000,351.821190562496,0.990761464946999
404,136.480000000000,-181.170000000000,-13.4800000000000,351.917367212045,0.999999999999993
405,137.470066321516,-181.310601134417,-13.5180000000000,351.917367212043,0.999999999999997
406,138.460132643033,-181.451202268833,-13.5560000000000,351.917367212045,1.00000000000002
407,139.450198964549,-181.591803403250,-13.5940000000000,351.917367212043,0.999999999999997
408,140.440265286065,-181.732404537666,-13.6320000000000,351.917367212044,1.12086906686747
409,141.550000000000,-181.890000000000,-13.6700000000000,351.112592627437,1.00000000000001
410,142.537993844591,-182.044493245969,-13.7020000000000,351.112592627437,0.999999999999984
411,143.525987689182,-182.198986491938,-13.7340000000000,351.112592627439,1.00000000000001
412,144.513981533773,-182.353479737907,-13.7660000000000,351.112592627437,0.999999999999984
413,145.501975378365,-182.507972983876,-13.7980000000000,351.112592627438,1.24294764421693
414,146.730000000000,-182.700000000000,-13.8300000000000,351.015744446860,1.00000000000001
415,147.717731290312,-182.856163049852,-13.8540000000000,351.015744446860,0.999999999999980
416,148.705462580624,-183.012326099703,-13.8780000000000,351.015744446862,1.00000000000000
417,149.693193870935,-183.168489149555,-13.9020000000000,351.015744446860,1.00000000000001
418,150.680925161247,-183.324652199407,-13.9260000000000,351.015744446860,1.12285076885907
419,151.790000000000,-183.500000000000,-13.9500000000000,351.138135593602,0.999999999999991
420,152.778062620867,-183.654052774221,-13.9783333333333,351.138135593603,1.00000000000002
421,153.766125241734,-183.808105548442,-14.0066666666667,351.138135593602,0.999999999999991
422,154.754187862601,-183.962158322664,-14.0350000000000,351.138135593602,0.999999999999991
423,155.742250483468,-184.116211096885,-14.0633333333333,351.138135593603,1.00000000000002
424,156.730313104335,-184.270263871106,-14.0916666666667,351.138135593602,0.647415338010835
425,157.370000000000,-184.370000000000,-14.1200000000000,351.368249354477,0.999999999999991
426,158.358673363730,-184.520083243071,-14.1480000000000,351.368249354478,1.00000000000002
427,159.347346727460,-184.670166486142,-14.1760000000000,351.368249354477,0.999999999999991
428,160.336020091190,-184.820249729213,-14.2040000000000,351.368249354477,0.999999999999991
429,161.324693454920,-184.970332972284,-14.2320000000000,351.368249354478,1.33037522131418
430,162.640000000000,-185.170000000000,-14.2600000000000,351.731909682599,1.00000000000000
431,163.629606031762,-185.313805083009,-14.2900000000000,351.731909682599,1.00000000000000
432,164.619212063525,-185.457610166019,-14.3200000000000,351.731909682599,1.00000000000000
433,165.608818095287,-185.601415249028,-14.3500000000000,351.731909682599,1.00000000000000
434,166.598424127050,-185.745220332038,-14.3800000000000,351.731909682598,1.28493140920483
435,167.870000000000,-185.930000000000,-14.4100000000000,351.961766802036,1.00000000000000
436,168.860174978733,-186.069833871042,-14.4420000000000,351.961766802036,1.00000000000000
437,169.850349957466,-186.209667742085,-14.4740000000000,351.961766802034,1.00000000000001
438,170.840524936200,-186.349501613127,-14.5060000000000,351.961766802036,1.00000000000000
439,171.830699914933,-186.489335484170,-14.5380000000000,351.961766802036,1.29199395313336
440,173.110000000000,-186.670000000000,-14.5700000000000,349.674741783073,0.999999999999993
441,174.093806119334,-186.849235932672,-14.5940000000000,349.674741783073,0.999999999999993
442,175.077612238668,-187.028471865344,-14.6180000000000,349.674741783072,1.00000000000003
443,176.061418358002,-187.207707798017,-14.6420000000000,349.674741783073,0.999999999999993
444,177.045224477336,-187.386943730689,-14.6660000000000,349.674741783073,1.02131456891518
445,178.050000000000,-187.570000000000,-14.6900000000000,349.243187393455,0.999999999999993
446,179.032428212622,-187.756640850415,-14.7400000000000,349.243187393457,1.00000000000002
447,180.014856425245,-187.943281700829,-14.7900000000000,349.243187393455,0.999999999999993
448,180.997284637867,-188.129922551244,-14.8400000000000,349.243187393455,0.999999999999993
449,181.979712850490,-188.316563401659,-14.8900000000000,349.243187393456,0.875674312338754
450,182.840000000000,-188.480000000000,-14.9400000000000,350.436053600009,0.999999999999993
451,183.826100781761,-188.646148271763,-14.9580000000000,350.436053600007,0.999999999999997
452,184.812201563523,-188.812296543526,-14.9760000000000,350.436053600009,1.00000000000002
453,185.798302345284,-188.978444815289,-14.9940000000000,350.436053600009,0.999999999999993
454,186.784403127045,-189.144593087051,-15.0120000000000,350.436053600008,0.634414741906461
455,187.410000000000,-189.250000000000,-15.0300000000000,351.115322912634,0.999999999999994
456,188.398001205454,-189.404446165450,-15.0625000000000,351.115322912635,1.00000000000002
457,189.386002410907,-189.558892330900,-15.0950000000000,351.115322912634,0.999999999999994
458,190.374003616361,-189.713338496351,-15.1275000000000,351.115322912634,1.40282863622920
459,191.760000000000,-189.930000000000,-15.1600000000000,351.106521089958,1.00000000000001
460,192.747977467654,-190.084597941149,-15.1775000000000,351.106521089958,1.00000000000001
461,193.735954935309,-190.239195882298,-15.1950000000000,351.106521089959,0.999999999999974
462,194.723932402963,-190.393793823447,-15.2125000000000,351.106521089957,1.13977052504123
463,195.850000000000,-190.570000000000,-15.2300000000000,351.911356234493,1.00000000000001
464,196.840051565413,-190.710705002836,-15.2550000000000,351.911356234493,0.999999999999985
465,197.830103130826,-190.851410005673,-15.2800000000000,351.911356234493,1.00000000000001
466,198.820154696239,-190.992115008509,-15.3050000000000,351.911356234494,0.908887309708475
467,199.720000000000,-191.120000000000,-15.3300000000000,352.602426783081,0.999999999999997
468,200.711676616677,-191.248753593878,-15.3450000000000,352.602426783080,1.00000000000000
469,201.703353233354,-191.377507187756,-15.3600000000000,352.602426783081,0.999999999999997
470,202.695029850030,-191.506260781634,-15.3750000000000,352.602426783082,0.650383541492603
471,203.340000000000,-191.590000000000,-15.3900000000000,352.281046456710,0.999999999999991
472,204.330938822631,-191.724313997043,-15.4133333333333,352.281046456710,1.00000000000002
473,205.321877645263,-191.858627994087,-15.4366666666667,352.281046456710,1.35035818980596
474,206.660000000000,-192.040000000000,-15.4600000000000,352.850414278884,0.999999999999988
475,207.652224597350,-192.164460228239,-15.4766666666667,352.850414278886,1.00000000000001
476,208.644449194700,-192.288920456478,-15.4933333333333,352.850414278884,0.892490276561018
477,209.530000000000,-192.400000000000,-15.5100000000000,353.211025425562,0.999999999999997
478,210.522988274195,-192.518212889785,-15.5500000000000,353.211025425560,1.11482859825566
479,211.630000000000,-192.650000000000,-15.5900000000000,351.408774567772,1.40577380826364
480,213.020000000000,-192.860000000000,-15.6200000000000,352.092837297043,1.09036691072316
481,214.100000000000,-193.010000000000,-15.6400000000000,351.717650582968,1.00000000000001
482,215.089570212600,-193.154051360062,-15.6550000000000,351.717650582969,0.596652748721532
483,215.680000000000,-193.240000000000,-15.6700000000000,355.236358309275,0.999999999999997
484,216.676545758245,-193.323045479854,-15.6750000000000,355.236358309274,0.685823241030930
485,217.360000000000,-193.380000000000,-15.6800000000000,1.34788728019845,0.999999999999998
486,218.359723298279,-193.356477098864,-15.6700000000000,1.34788728019828,0.700470523119989
487,219.060000000000,-193.340000000000,-15.6600000000000,8.32565033042704,1.00000000000000
488,220.049461064134,-193.195200819883,-15.6650000000000,8.32565033042715,1.07183493551008
489,221.110000000000,-193.040000000000,-15.6700000000000,10.9806500101731,0.999999999999995
490,222.091691567677,-192.849522531645,-15.6800000000000,10.9806500101734,1.04748626369018
491,223.120000000000,-192.650000000000,-15.6900000000000,23.4773998920926,1.00000000000000
492,224.037217288132,-192.251612693034,-15.6850000000000,23.4773998920940,1.15870331449228
493,225.100000000000,-191.790000000000,-15.6800000000000,44.3926469951904,1.00000000000000
494,225.814562464445,-191.090428356488,-15.6650000000000,44.3926469951894,1.00122462507335
495,226.530000000000,-190.390000000000,-15.6500000000000,57.2463328596803,0.999999999999995
496,227.071028299846,-189.548995613111,-15.6250000000000,57.2463328596818,0.866815470259465
497,227.540000000000,-188.820000000000,-15.6000000000000,72.1038670749610,0.999999999999998
498,227.847292390957,-187.868384853809,-15.5900000000000,72.1038670749601,1.01762236307986
499,228.160000000000,-186.900000000000,-15.5800000000000,78.2692246677131,0.999999999999999
500,228.363313236885,-185.920886253948,-15.5800000000000,78.2692246677126,0.869037185290877
501,228.540000000000,-185.070000000000,-15.5800000000000,80.9982448774386,1.00000000000001
502,228.696464720495,-184.082316451873,-15.5700000000000,80.9982448774375,1.04518947777459
503,228.860000000000,-183.050000000000,-15.5600000000000,82.6181815780799,1.00000000000000
504,228.988480904674,-182.058288017046,-15.5350000000000,82.6181815780805,1.49064248739155
505,229.180000000000,-180.580000000000,-15.5100000000000,82.4878558969473,0.999999999999989
506,229.310736330569,-179.588582826521,-15.4666666666667,82.4878558969475,1.00000000000002
507,229.441472661137,-178.597165653042,-15.4233333333333,82.4878558969483,0.753633962602883
508,229.540000000000,-177.850000000000,-15.3800000000000,83.9041384554031,0.999999999999997
509,229.646192250355,-176.855654383042,-15.3300000000000,83.9041384554048,0.999999999999994
510,229.752384500710,-175.861308766083,-15.2800000000000,83.9041384554039,1.10757139901887
511,229.870000000000,-174.760000000000,-15.2300000000000,84.8674455601272,0.999999999999987
512,229.959460215253,-173.764009603517,-15.1733333333333,84.8674455601257,1.00000000000002
513,230.048920430506,-172.768019207033,-15.1166666666667,84.8674455601274,1.35344598882997
514,230.170000000000,-171.420000000000,-15.0600000000000,84.0829078581685,0.999999999999990
515,230.273089266136,-170.425327891611,-15.0200000000000,84.0829078581687,1.00000000000002
516,230.376178532271,-169.430655783221,-14.9800000000000,84.0829078581685,0.999999999999990
517,230.479267798407,-168.435983674832,-14.9400000000000,84.0829078581702,0.589122455420009
518,230.540000000000,-167.850000000000,-14.9000000000000,83.6760163949625,1.00000000000001
519,230.650150366438,-166.856085065625,-14.8550000000000,83.6760163949623,0.999999999999980
520,230.760300732877,-165.862170131250,-14.8100000000000,83.6760163949625,1.00000000000001
521,230.870451099315,-164.868255196875,-14.7650000000000,83.6760163949632,0.903754602943172
522,230.970000000000,-163.970000000000,-14.7200000000000,82.7476106801033,0.999999999999988
523,231.096240337120,-162.978000313869,-14.6718750000000,82.7476106801051,1.00000000000001
524,231.222480674239,-161.986000627738,-14.6237500000000,82.7476106801033,0.999999999999988
525,231.348721011359,-160.994000941607,-14.5756250000000,82.7476106801035,1.00000000000002
526,231.474961348478,-160.002001255476,-14.5275000000000,82.7476106801049,0.999999999999984
527,231.601201685598,-159.010001569345,-14.4793750000000,82.7476106801035,1.00000000000002
528,231.727442022717,-158.018001883214,-14.4312500000000,82.7476106801033,0.999999999999988
529,231.853682359837,-157.026002197083,-14.3831250000000,82.7476106801051,1.00000000000001
530,231.979922696957,-156.034002510952,-14.3350000000000,82.7476106801033,0.999999999999988
531,232.106163034076,-155.042002824821,-14.2868750000000,82.7476106801051,1.00000000000001
532,232.232403371196,-154.050003138690,-14.2387500000000,82.7476106801033,0.999999999999988
533,232.358643708315,-153.058003452559,-14.1906250000000,82.7476106801035,1.00000000000002
534,232.484884045435,-152.066003766428,-14.1425000000000,82.7476106801049,0.999999999999984
535,232.611124382554,-151.074004080297,-14.0943750000000,82.7476106801035,1.00000000000002
536,232.737364719674,-150.082004394166,-14.0462500000000,82.7476106801033,0.999999999999988
537,232.863605056794,-149.090004708036,-13.9981250000000,82.7476106801051,1.00000000000001
538,232.989845393913,-148.098005021905,-13.9500000000000,82.7476106801033,0.999999999999988
539,233.116085731033,-147.106005335774,-13.9018750000000,82.7476106801035,1.00000000000002
540,233.242326068152,-146.114005649643,-13.8537500000000,82.7476106801049,0.999999999999984
541,233.368566405272,-145.122005963512,-13.8056250000000,82.7476106801035,1.00000000000002
542,233.494806742391,-144.130006277381,-13.7575000000000,82.7476106801033,0.999999999999988
543,233.621047079511,-143.138006591250,-13.7093750000000,82.7476106801051,1.00000000000001
544,233.747287416631,-142.146006905119,-13.6612500000000,82.7476106801033,0.999999999999988
545,233.873527753750,-141.154007218988,-13.6131250000000,82.7476106801051,1.00000000000001
546,233.999768090870,-140.162007532857,-13.5650000000000,82.7476106801033,0.999999999999988
547,234.126008427989,-139.170007846726,-13.5168750000000,82.7476106801035,1.00000000000002
548,234.252248765109,-138.178008160595,-13.4687500000000,82.7476106801049,0.999999999999984
549,234.378489102228,-137.186008474464,-13.4206250000000,82.7476106801035,1.00000000000002
550,234.504729439348,-136.194008788333,-13.3725000000000,82.7476106801033,0.999999999999988
551,234.630969776468,-135.202009102202,-13.3243750000000,82.7476106801051,1.00000000000001
552,234.757210113587,-134.210009416071,-13.2762500000000,82.7476106801033,0.999999999999988
553,234.883450450707,-133.218009729940,-13.2281250000000,82.7476106801035,1.00000000000002
554,235.009690787826,-132.226010043809,-13.1800000000000,82.7476106801049,0.999999999999984
555,235.135931124946,-131.234010357678,-13.1318750000000,82.7476106801035,1.00000000000002
556,235.262171462065,-130.242010671547,-13.0837500000000,82.7476106801033,0.999999999999988
557,235.388411799185,-129.250010985416,-13.0356250000000,82.7476106801051,1.00000000000001
558,235.514652136305,-128.258011299285,-12.9875000000000,82.7476106801033,0.999999999999988
559,235.640892473424,-127.266011613154,-12.9393750000000,82.7476106801035,1.00000000000002
560,235.767132810544,-126.274011927023,-12.8912500000000,82.7476106801049,0.999999999999984
561,235.893373147663,-125.282012240892,-12.8431250000000,82.7476106801035,1.00000000000002
562,236.019613484783,-124.290012554761,-12.7950000000000,82.7476106801049,0.999999999999984
563,236.145853821902,-123.298012868630,-12.7468750000000,82.7476106801035,1.00000000000002
564,236.272094159022,-122.306013182499,-12.6987500000000,82.7476106801033,0.999999999999988
565,236.398334496142,-121.314013496368,-12.6506250000000,82.7476106801051,1.00000000000001
566,236.524574833261,-120.322013810237,-12.6025000000000,82.7476106801033,0.999999999999988
567,236.650815170381,-119.330014124107,-12.5543750000000,82.7476106801035,1.00000000000002
568,236.777055507500,-118.338014437976,-12.5062500000000,82.7476106801049,0.999999999999984
569,236.903295844620,-117.346014751845,-12.4581250000000,82.7476106801034,1.00000000000000
570,237.029536181740,-116.354015065714,-12.4100000000000,82.7476106801034,1.00000000000000
571,237.155776518859,-115.362015379583,-12.3618750000000,82.7476106801050,0.999999999999998
572,237.282016855979,-114.370015693452,-12.3137500000000,82.7476106801034,1.00000000000000
573,237.408257193098,-113.378016007321,-12.2656250000000,82.7476106801034,1.00000000000000
574,237.534497530218,-112.386016321190,-12.2175000000000,82.7476106801050,0.999999999999998
575,237.660737867337,-111.394016635059,-12.1693750000000,82.7476106801034,1.00000000000000
576,237.786978204457,-110.402016948928,-12.1212500000000,82.7476106801050,0.999999999999998
577,237.913218541577,-109.410017262797,-12.0731250000000,82.7476106801034,1.00000000000000
578,238.039458878696,-108.418017576666,-12.0250000000000,82.7476106801034,1.00000000000000
579,238.165699215816,-107.426017890535,-11.9768750000000,82.7476106801050,0.999999999999998
580,238.291939552935,-106.434018204404,-11.9287500000000,82.7476106801034,1.00000000000000
581,238.418179890055,-105.442018518273,-11.8806250000000,82.7476106801034,1.00000000000000
582,238.544420227174,-104.450018832142,-11.8325000000000,82.7476106801050,0.999999999999998
583,238.670660564294,-103.458019146011,-11.7843750000000,82.7476106801034,1.00000000000000
584,238.796900901414,-102.466019459880,-11.7362500000000,82.7476106801034,1.00000000000000
585,238.923141238533,-101.474019773749,-11.6881250000000,82.7476106801041,1.16332675290456